-30 -0.800099 -0.859139 -0.986763 -0.882000
-29 -0.608499 -0.951420 -0.938271 -0.832730
-28 -0.372088 -0.996064 -0.855900 -0.741351
-27 -0.108135 -0.990836 -0.742624 -0.613865
-26 0.164199 -0.935998 -0.602532 -0.458110
-25 0.423999 -0.834295 -0.440685 -0.283660
-24 0.652415 -0.690542 -0.262925 -0.100351
-23 0.832752 -0.512426 -0.075672 0.081552
-22 0.951159 -0.308652 0.114314 0.252274
-21 0.999179 -0.089425 0.300173 0.403309
-20 0.973122 0.134279 0.475192 0.527531
-19 0.875035 0.351260 0.633054 0.619783
-18 0.711911 0.550654 0.768056 0.676874
-17 0.496277 0.722742 0.875326 0.698115
-16 0.243909 0.858323 0.950989 0.684407
-15 -0.026895 0.950929 0.992313 0.638782
-14 -0.295338 0.995922 0.997807 0.566130
-13 -0.541919 0.991050 0.967320 0.472150
-12 -0.748643 0.936557 0.901893 0.363269
-11 -0.899630 0.835172 0.803899 0.246480
-10 -0.984029 0.691693 0.676878 0.128181
-9 -0.995554 0.513793 0.525416 0.014552
-8 -0.933322 0.310167 0.354983 -0.089391
-7 -0.802006 0.091012 0.171731 -0.179754
-6 -0.611023 -0.132701 -0.017721 -0.253815
-5 -0.375042 -0.349769 -0.206534 -0.310448
-4 -0.111301 -0.549324 -0.387889 -0.349505
-3 0.161057 -0.721641 -0.555238 -0.371941
-2 0.421112 -0.857505 -0.702538 -0.379644
-1 0.649998 -0.950435 -0.824471 -0.374969
0 0.830984 -0.995777 -0.916633 -0.360475
1 0.950171 -0.991262 -0.975698 -0.338929
2 0.999045 -0.937114 -0.999532 -0.312534
3 0.973850 -0.836047 -0.987274 -0.283157
4 0.876573 -0.692842 -0.939368 -0.251879
5 0.714144 -0.515158 -0.857543 -0.219519
6 0.499040 -0.311681 -0.744753 -0.185798
7 0.246997 -0.092598 -0.605072 -0.150224
8 -0.023711 0.131122 -0.443542 -0.112044
9 -0.292293 0.348276 -0.265997 -0.070005
10 -0.539239 0.547993 -0.078847 -0.023365
11 -0.746527 0.720537 0.111149 0.028387
12 -0.898235 0.856685 0.297133 0.085194
13 -0.983457 0.949938 0.472387 0.146290
14 -0.995849 0.995630 0.630585 0.210122
15 -0.934461 0.991470 0.766013 0.274341
16 -0.803905 0.937669 0.873781 0.335848
17 -0.613542 0.836919 0.949999 0.391126
18 -0.377993 0.693990 0.991914 0.435970
19 -0.114466 0.516523 0.998013 0.466690
20 0.157912 0.313194 0.968123 0.479743
21 0.418221 0.094183 0.903264 0.471889
22 0.647574 -0.129543 0.805790 0.441273
23 0.829208 -0.346783 0.679219 0.387215
24 0.949174 -0.546660 0.528124 0.310213
25 0.998900 -0.719432 0.357959 0.212476
26 0.974569 -0.855862 0.174868 0.097858
27 0.878101 -0.949440 -0.014536 -0.028625
28 0.716370 -0.995480 -0.203416 -0.160842
29 0.501797 -0.991677 -0.384951 -0.291610
